-0.236283 -0.375914 -0.896024
-0.268002 -0.343332 -0.900199
-0.306911 -0.32026 -0.896048
-0.349382 -0.308911 -0.883956
-0.391322 -0.31015 -0.865252
-0.42852 -0.323682 -0.84187
-0.457141 -0.348248 -0.816134
-0.474211 -0.381645 -0.790508
-0.478093 -0.420771 -0.767422
-0.468687 -0.461811 -0.749049
-0.447092 -0.500612 -0.737149
-0.415378 -0.5332 -0.732986
-0.376456 -0.556254 -0.737105
-0.33397 -0.567585 -0.749165
-0.292041 -0.56636 -0.767893
-0.254855 -0.552843 -0.791303
-0.226239 -0.528283 -0.817051
-0.209156 -0.494869 -0.842646
-0.205259 -0.455725 -0.865698
-0.214676 -0.414699 -0.884095
-0.131423 -0.31203 -0.973936
-0.193681 -0.246065 -0.983531
-0.270388 -0.200283 -0.975514
-0.354956 -0.179155 -0.950282
-0.4395 -0.182661 -0.911932
-0.515309 -0.209302 -0.864932
-0.573856 -0.257137 -0.813908
-0.607828 -0.322919 -0.763283
-0.613732 -0.401104 -0.7176
-0.593626 -0.484029 -0.680856
-0.550716 -0.562925 -0.656366
-0.488643 -0.629124 -0.647199
-0.411911 -0.674874 -0.655156
-0.327112 -0.695709 -0.679852
-0.242534 -0.69216 -0.718124
-0.166831 -0.665653 -0.765369
-0.108468 -0.618053 -0.816822
-0.0744706 -0.552238 -0.867387
-0.0683354 -0.47376 -0.912534
-0.0884083 -0.390792 -0.9492
-0.0275299 -0.246023 -1.04987
-0.118053 -0.144709 -1.06802
-0.231259 -0.0761702 -1.05697
-0.357509 -0.0490533 -1.01538
-0.485476 -0.0567702 -0.955635
-0.602162 -0.0954112 -0.884973
-0.693974 -0.163939 -0.80972
-0.74533 -0.260838 -0.734831
-0.748315 -0.378391 -0.66718
-0.715032 -0.504366 -0.61216
-0.651793 -0.625354 -0.57389
-0.562265 -0.72793 -0.558043
-0.449166 -0.796605 -0.569343
-0.321699 -0.822176 -0.608107
-0.193461 -0.814114 -0.667221
-0.0771616 -0.775965 -0.738783
0.0136563 -0.708701 -0.816346
0.0649057 -0.611937 -0.891483
0.0691077 -0.492838 -0.956306
0.0360958 -0.366519 -1.0107
0.0756382 -0.177682 -1.12185
-0.0392454 -0.0372484 -1.15478
-0.188789 0.0561396 -1.14316
-0.356544 0.0811485 -1.07746
-0.528185 0.0668369 -0.994278
-0.687733 0.0182995 -0.900554
-0.819415 -0.0664322 -0.803162
-0.891343 -0.193907 -0.704186
-0.880294 -0.352167 -0.615211
-0.83078 -0.521886 -0.542221
-0.749297 -0.686496 -0.488742
-0.637653 -0.831047 -0.463336
-0.489075 -0.925661 -0.477198
-0.317142 -0.945361 -0.533197
-0.144628 -0.929941 -0.614347
0.0140746 -0.882478 -0.710036
0.142516 -0.801863 -0.814959
0.213479 -0.675615 -0.916176
0.206608 -0.512046 -0.995441
0.157967 -0.341218 -1.0664
0.165498 -0.122027 -1.21015
0.0343404 0.0642919 -1.26765
-0.153842 0.190348 -1.26211
-0.361675 0.196445 -1.15548
-0.575917 0.172766 -1.04833
-0.778621 0.116172 -0.934173
-0.96087 0.0243706 -0.817637
-1.06374 -0.134459 -0.693042
-1.01494 -0.335157 -0.583776
-0.946826 -0.548121 -0.494622
-0.850298 -0.756309 -0.426333
-0.726137 -0.951518 -0.385095
-0.541725 -1.08237 -0.399403
-0.321983 -1.07333 -0.47835
-0.106565 -1.04815 -0.582767
0.0938207 -0.994508 -0.702312
0.269074 -0.911597 -0.835109
0.368177 -0.757558 -0.968466
0.331284 -0.541727 -1.05005
0.264345 -0.327268 -1.13647
0.248416 -0.0357661 -1.17528
0.119955 0.188988 -1.26724
-0.108066 0.335805 -1.25242
-0.334132 0.303173 -1.11038
-0.571336 0.275191 -0.988716
-0.799653 0.215287 -0.861601
-1.03248 0.133342 -0.74098
-1.14722 -0.0601818 -0.588826
-1.04889 -0.285999 -0.480749
-0.970063 -0.522098 -0.381272
-0.864962 -0.755839 -0.30257
-0.750622 -0.998537 -0.243431
-0.524352 -1.14758 -0.262318
-0.282671 -1.0951 -0.36806
-0.0429674 -1.06395 -0.483917
0.183106 -1.00689 -0.616246
0.401813 -0.942892 -0.769688
0.514807 -0.751591 -0.925909
0.432083 -0.505932 -0.997693
0.35576 -0.266657 -1.09136
0.273406 0.0398879 -1.0431
0.178449 0.275819 -1.15616
-0.0308962 0.404752 -1.13144
-0.258983 0.350529 -0.981797
-0.50686 0.317501 -0.852402
-0.749005 0.257011 -0.721912
-1.00064 0.209811 -0.612766
-1.0939 0.0311251 -0.469818
-0.975891 -0.200904 -0.371869
-0.889348 -0.448354 -0.26913
-0.783091 -0.695706 -0.186379
-0.702588 -0.950002 -0.106913
-0.490267 -1.07515 -0.124709
-0.2495 -1.00482 -0.244885
0.00109601 -0.968335 -0.36796
0.239319 -0.912828 -0.507566
0.476504 -0.883994 -0.650305
0.572739 -0.701527 -0.786336
0.467409 -0.453386 -0.854812
0.383585 -0.20248 -0.951232
0.325348 0.116589 -0.919518
0.24377 0.363435 -1.03887
0.0326873 0.491234 -1.01143
-0.197603 0.423058 -0.85928
-0.452106 0.385528 -0.725899
-0.70204 0.325212 -0.591542
-0.963889 0.293217 -0.480887
-1.0546 0.112643 -0.336644
-0.925771 -0.124316 -0.246726
-0.834128 -0.379102 -0.143497
-0.726102 -0.633988 -0.0567784
-0.655829 -0.895199 0.0362993
-0.440982 -1.01821 0.017608
-0.201533 -0.9384 -0.113255
0.0549199 -0.898392 -0.242104
0.301285 -0.84261 -0.384754
0.551829 -0.824981 -0.521685
0.646304 -0.639624 -0.657179
0.526636 -0.391026 -0.725808
0.436942 -0.133763 -0.824506
0.378507 0.190008 -0.794985
0.305736 0.443858 -0.913897
0.0950373 0.571136 -0.885369
-0.138923 0.493863 -0.735173
-0.397943 0.453313 -0.600574
-0.652046 0.393958 -0.463093
-0.917109 0.372007 -0.348486
-1.00662 0.19172 -0.203946
-0.873672 -0.0506957 -0.121328
-0.779692 -0.310495 -0.0187395
-0.670514 -0.569223 0.071441
-0.604376 -0.831499 0.174939
-0.389351 -0.953281 0.156465
-0.151165 -0.870638 0.0160906
0.108427 -0.829362 -0.117179
0.360038 -0.773173 -0.260451
0.618469 -0.759648 -0.390472
0.71231 -0.573865 -0.524957
0.583584 -0.32608 -0.597754
0.490176 -0.0655536 -0.699014
0.432669 0.260381 -0.669235
0.365192 0.51862 -0.783521
0.154683 0.645812 -0.754734
-0.083017 0.563623 -0.609664
-0.344177 0.521375 -0.475944
-0.59901 0.463092 -0.336181
-0.862903 0.447279 -0.21613
-0.952145 0.267166 -0.071509
-0.82019 0.0200192 0.00470299
-0.726002 -0.242232 0.105814
-0.615939 -0.501424 0.198421
-0.5497 -0.761235 0.309831
-0.334696 -0.882714 0.291493
-0.0982326 -0.802098 0.143547
0.161917 -0.761134 0.00747932
0.415739 -0.704134 -0.134633
0.678395 -0.689894 -0.25756
0.772133 -0.504068 -0.391731
0.638941 -0.258494 -0.47082
0.543742 0.00247363 -0.574279
0.48743 0.327853 -0.541981
0.42212 0.58786 -0.648744
0.211317 0.714932 -0.620059
-0.0297574 0.632192 -0.482538
-0.290491 0.589641 -0.351391
-0.542866 0.532251 -0.210444
-0.802103 0.519031 -0.0843928
-0.891377 0.338604 0.0601202
-0.765055 0.0879264 0.131383
-0.672514 -0.174008 0.230474
-0.561862 -0.430594 0.324134
-0.492326 -0.685231 0.440717
-0.277198 -0.806807 0.422086
-0.0427548 -0.732493 0.269152
0.215488 -0.693109 0.132214
0.468434 -0.634992 -0.00740289
0.731896 -0.616402 -0.123634
0.825496 -0.430479 -0.258093
0.692543 -0.188228 -0.344769
0.59751 0.0705395 -0.449651
0.543054 0.392544 -0.413217
0.476254 0.651331 -0.510164
0.264436 0.777659 -0.481603
0.0206019 0.700011 -0.353739
-0.236832 0.658701 -0.226547
-0.483658 0.601717 -0.0858337
-0.735021 0.586942 0.0461889
-0.824022 0.405369 0.190243
-0.70855 0.152868 0.259111
-0.619341 -0.105644 0.355908
-0.508438 -0.356719 0.448822
-0.432479 -0.603866 0.567056
-0.216896 -0.725412 0.547245
0.0156323 -0.662129 0.393105
0.269498 -0.625353 0.25762
0.518274 -0.565892 0.121438
0.778796 -0.539478 0.0107038
0.871561 -0.353121 -0.124601
0.744784 -0.114986 -0.219745
0.652007 0.138992 -0.324835
0.599035 0.454278 -0.282475
0.525172 0.708484 -0.367806
0.312862 0.831488 -0.338575
0.0678876 0.7674 -0.223064
-0.182846 0.728675 -0.100778
-0.420985 0.670969 0.0379194
-0.661614 0.64853 0.175586
-0.747979 0.465815 0.317771
-0.650757 0.214741 0.388282
-0.566048 -0.0367635 0.482573
-0.455072 -0.279505 0.572227
-0.368529 -0.517598 0.687029
-0.153243 -0.636821 0.664717
0.0772781 -0.591099 0.515612
0.32409 -0.557357 0.38421
0.564948 -0.496196 0.251833
0.818256 -0.457644 0.143638
0.907598 -0.271148 0.00837059
0.795923 -0.0384397 -0.0957333
0.707291 0.208081 -0.199141
0.681303 0.515871 -0.164737
0.593944 0.760637 -0.234039
0.354171 0.883952 -0.201313
0.0997345 0.856768 -0.101333
-0.13936 0.824175 0.0154875
-0.364546 0.765739 0.148632
-0.588765 0.728425 0.292432
-0.67618 0.51893 0.441559
-0.616056 0.265784 0.529737
-0.537993 0.0268313 0.622922
-0.429021 -0.203457 0.706249
-0.326047 -0.428381 0.811844
-0.088024 -0.553919 0.775051
0.152292 -0.544679 0.64225
0.389143 -0.514936 0.520216
0.616829 -0.453325 0.39288
0.856662 -0.396169 0.285373
0.942327 -0.188897 0.132179
0.868082 0.0463049 0.0111804
0.787776 0.282407 -0.0872182
0.661784 0.528478 -0.047932
0.551778 0.730219 -0.0903596
0.348443 0.825972 -0.0617265
0.127389 0.832507 0.0177432
-0.087255 0.806169 0.120494
-0.289046 0.750939 0.239539
-0.467738 0.683188 0.373999
-0.535375 0.503766 0.494691
-0.508572 0.289794 0.588076
-0.441998 0.0758335 0.672409
-0.342646 -0.131111 0.744833
-0.220731 -0.317719 0.814938
-0.0211661 -0.418262 0.777543
0.192892 -0.433688 0.681812
0.405216 -0.410296 0.573671
0.608184 -0.353571 0.457361
0.798785 -0.270688 0.350579
0.862651 -0.0960564 0.221125
0.828852 0.109025 0.111479
0.759959 0.320039 0.0217563
0.562586 0.455652 0.0173653
0.454346 0.599685 -0.00760544
0.299471 0.68241 0.0121388
0.125537 0.704751 0.0691717
-0.0467247 0.68843 0.150752
-0.204946 0.640111 0.246749
-0.332298 0.562732 0.35105
-0.391826 0.428012 0.448653
-0.386189 0.263031 0.530838
-0.336602 0.0922748 0.601401
-0.25342 -0.0709563 0.656358
-0.141002 -0.209681 0.691037
0.0129082 -0.293631 0.669052
0.183602 -0.320089 0.604488
0.355018 -0.304843 0.520943
0.514112 -0.255415 0.426974
0.645641 -0.172728 0.332382
0.704205 -0.0392334 0.232537
0.695328 0.12163 0.142822
0.644896 0.291312 0.0702941
0.466313 0.391391 0.103441
0.377051 0.492478 0.0886796
0.261925 0.557178 0.102655
0.133222 0.582136 0.14267
0.00484182 0.573131 0.202162
-0.110804 0.53419 0.273675
-0.199801 0.466903 0.350852
-0.246693 0.367394 0.425246
-0.24972 0.246981 0.490666
-0.215821 0.120338 0.544652
-0.151626 0.000320833 0.583115
-0.0611462 -0.0992192 0.600705
0.0538726 -0.164055 0.586481
0.181581 -0.190276 0.544156
0.309575 -0.181763 0.483764
0.425492 -0.142478 0.412881
0.515705 -0.0736443 0.338533
0.562491 0.0257283 0.26389
0.564523 0.144879 0.196159
0.530238 0.27103 0.141274
0.366282 0.326547 0.186864
0.303776 0.391797 0.178482
0.226349 0.436138 0.187597
0.141066 0.456054 0.213083
0.0564746 0.45167 0.251694
-0.0187048 0.42443 0.29899
-0.0759139 0.376227 0.350356
-0.108209 0.309465 0.400795
-0.113212 0.230339 0.445889
-0.0923374 0.147196 0.482182
-0.0487341 0.0688001 0.50634
0.0140024 0.00384325 0.515258
0.0914554 -0.0404651 0.506202
0.176554 -0.0606161 0.480288
0.26104 -0.0563651 0.441432
0.336253 -0.029083 0.394214
0.393692 0.0194129 0.343385
0.426013 0.0862073 0.293005
0.430832 0.165099 0.247482
0.409852 0.248108 0.210945
0.263732 0.262361 0.268294
0.231696 0.29458 0.264487
0.192539 0.317156 0.269015
0.149947 0.327992 0.281407
0.108087 0.326275 0.300335
0.0711713 0.312305 0.323838
0.0430218 0.287361 0.349611
0.0265293 0.253627 0.375173
0.0231925 0.214284 0.398109
0.0330908 0.173229 0.416275
0.0551006 0.134618 0.427897
0.0871507 0.102417 0.431736
0.126321 0.0798594 0.42724
0.168908 0.0690162 0.414836
0.210756 0.070718 0.39588
0.247661 0.0846743 0.372353
0.275825 0.109636 0.346613
0.292331 0.143388 0.321082
0.295663 0.182724 0.298134
0.285752 0.223763 0.27994
-0.340689 -0.436994 -0.814266
0.158429 0.197235 0.345801
